Element	Transition Probability
   1		      0.0625
   2		      0.0625
   3		      0.0625
   4		      0.0625
   5		      0.0625
   6		      0.0625
   7		      0.0625
   8		      0.0625
   9		      0.0625
   10		      0.0273438
   11		      0.0119143
   12		      0.015648
   13		      0.0273438
   14		      0.0119143
   15		      0.015648
   16		      0.0119143
   17		      0.0119143
   18		      0.00923587
   19		      0.00861408
   20		      0.0273438
   21		      0.0139001
   22		      0.00861408
   23		      0.0273438
   24		      0.0139001
   25		      0.0273438
   26		      0.0273438
   27		      0.0231781
   28		      0.0273438
   29		      0.0273438
   30		      0.0231781
   31		      0.00545863
   32		      0.00784379
   33		      0.00487303
   34		      0.00784379
   35		      0.00784379
   36		      0.00581196
   37		      0.00784379
   38		      0.0119143
   39		      0.00745425
   40		      0.0119143
   41		      0.0119143
   42		      0.00923587
   43		      0.0273438
   44		      0.0273438
   45		      0.0231781
   46		      0.00923587
   47		      0.00745425
   48		      0.00581196
   49		      0.00487303
